27092470
27091115
27090254
27090209
27090170
27087270
27084762
27084692
27084688
27083529
27082045
27079727
27079534
27079423
27077023
27073701
27073147
27072175
27069382
27069160
27066519
27066454
27066149
27064734
27063501
27062706
27062552
27062270
27062170
27057860
27056754
27056614
27054811
27053205
27052578
27051064
27047990
27046074
27045576
27043244
27043062
27035974
27035166
27033684
27032917
27031486
27030397
27029438
27027614
27026271
27025083
27023366
27021814
27021514
27021283
27021040
27016624
27014032
27014016
27013699
27012484
27010386
27007237
27006371
27005324
27003053
27001827
27001678
27001615
27001499
27001344
27000303
26993317
26985061
26985057
26981446
26978777
26975402
26973588
26971943
26971472
26971432
26969865
26968515
26966955
26962408
26960726
26960325
26960234
26956452
26954295
26953659
26948109
26945427
26941618
26940765
26940764
26937935
26937376
26934729
26930211
26929239
26928581
26927547
26924552
26923411
26923024
26923012
26921889
26921134
26918477
26917706
26914771
26912444
26912433
26911889
26911640
26911489
26909713
26909327
26908322
26908316
26903006
26902371
26900584
26900568
26899245
26898163
26897255
26891957
26891048
26890751
26889603
26888614
26886725
26886646
26886109
26884545
26883667
26883066
26879771
26879242
26878032
26877786
26877579
26875430
26873275
26872788
26872437
26871776
26865086
26864879
26862478
26859083
26858659
26857818
26857413
26855936
26854756
26854170
26854119
26853602
26853260
26848175
26844846
26844524
26844480
26843639
26843532
26843257
26843244
26843200
26843179
26836623
26836150
26834658
26834109
26834108
26834107
26834106
26834105
26833919
26830617
26829357
26828211
26827811
26822467
26822368
26822357
26821063
26820682
26819644
26818500
26814057
26813969
26807840
26807332
26807270
26806776
26805583
26805582
26802556
26802091
26801604
26801184
26796546
26796431
26795288
26793434
26792296
26782335
26781558
26780640
26780530
26780113
26778791
26777786
26774739
26774202
26771851
26768092
26758830
26758726
26758564
26755873
26755872
26755547
26754469
26753066
26751256
26749189
26749017
26743895
26742713
26741803
26738433
26737523
26737520
26737235
26736910
26736835
26736834
26736831
26736737
26736635
26735530
26733866
26733531
26732849
26732764
26731117
26730965
26727535
26727470
26724926
26722262
26721405
26717353
26711935
26711494
26710332
26709390
26708311
26707889
26705220
26703938
26703805
26702780
26702437
26701335
26700460
26699464
26697967
26695768
26694918
26692860
26687611
26686837
26686472
26677842
26673243
26670907
26668398
26667883
26661209
26660144
26658928
26658837
26657654
26656833
26656563
26656325
26655583
26644537
26642423
26639967
26639966
26639024
26636824
26631813
26631019
26630973
26628410
26627081
26626881
26625159
26623046
26616639
26615555
26615518
26613972
26613792
26612734
26612465
26611425
26610265
26609176
26609132
26607643
26607599
26602102
26600385
26599054
26598545
26597325
26596723
26596551
26595826
26595683
26594800
26594165
26592808
26588352
26587373
26586578
26585056
26584870
26583955
26581959
26577941
26577447
26577262
26576560
26576468
26575392
26571459
26567734
26567731
26564999
26561296
26560069
26558773
26558708
26555033
26554808
26552800
26551697
26550536
26550449
26545631
26544095
26542522
26537287
26537217
26537078
26536135
26523658
26523484
26522867
26521995
26517124
26516367
26515126
26514322
26514171
26509967
26509256
26509111
26505746
26503586
26502787
26502309
26501399
26500482
26497206
26493108
26493111
26490862
26490856
26489977
26484961
26484693
26483652
26483088
26482616
26481464
26481012
26478962
26478889
26476928
26473985
26473950
26469915
26469301
26467464
26467104
26466943
26464296
26463519
26462618
26462554
26456847
26455882
26455720
26449834
26446224
26445229
26441570
26441374
26440572
26436860
26435524
26429956
26429955
26428666
26425444
26424722
26421426
26421299
26420569
26418276
26415198
26414022
26413854
26407815
26407494
26405170
26402749
26402622
26402101
26402008
26402006
26401938
26401690
26397020
26396632
26394773
26391305
26388398
26388147
26385759
26384600
26383153
26382750
26382105
26381556
26381267
26381168
26379889
26379618
26379489
26377670
26377477
26377152
26376886
26375438
26373605
26373380
26371795
26370678
26369874
26368542
26366972
26366253
26365671
26364321
26359751
26359571
26359260
26359257
26359256
26359113
26358429
26354982
26353898
26350626
26350516
26349556
26348589
26346900
26346756
26346648
26343320
26342210
26341544
26341407
26341365
26338898
26338778
26338180
26337803
26337735
26337532
26336910
26336821
26328979
26328941
26327079
26326855
26326781
26326722
26326681
26326506
26326441
26326302
26326298
26326296
26326272
26326271
26326269
26326207
26326206
26326205
26326196
26326174
26326115
26326077
26325988
26321937
26320776
26318777
26318579
26317432
26316472
26315980
26312914
26311607
26306990
26306455
26303364
26303106
26300802
26298502
26297736
26295651
26295365
26294712
26290231
26288750
26286805
26283352
26280386
26280102
26277991
26276348
26275126
26272810
26269631
26266096
26265617
26260650
26260224
26260079
26259579
26259016
26257686
26256482
26254746
26254595
26254586
26251415
26248634
26246790
26242705
26241970
26239134
26237315
26235228
26234131
26233324
26233262
26233200
26232868
26231988
26229514
26229476
26229036
26228575
26228567
26223260
26221728
26221698
26221049
26220861
26219871
26219608
26218521
26218350
26213452
26211410
26207210
26205911
26204222
26203136
26200908
26199870
26194308
26189117
26188774
26187550
26187333
26184011
26183698
26181552
26180811
26180188
26177990
26177608
26175795
26175595
26174425
26174118
26173861
26173383
26173095
26171146
26165806
26164183
26163477
26161667
26159582
26159198
26158047
26157396
26157318
26156534
26153468
26151923
26147946
26142739
26141491
26139022
26136491
26136164
26133461
26131811
26130460
26126597
26126423
26125513
26121930
26121081
26119045
26116121
26116114
26113224
26113084
26112025
26110795
26109950
26108700
26108208
26107160
26106620
26106536
26106351
26106217
26102224
26101793
26095348
26095091
26094849
26089549
26089397
26086934
26086915
26085606
26085009
26083533
26083460
26082826
26079684
26076800
26076139
26073027
26072176
26069307
26069306
26069305
26067088
26065910
26063773
26062052
26055936
26055935
26055427
26052981
26048028
26047030
26045470
26045311
26045308
26043139
26042054
26041611
26040648
26040546
26037057
26029159
26028932
26027813
26026116
26025244
26019312
26018693
26016501
26014883
26012519
26008885
26005900
26005805
26004849
26004018
26003489
26002757
25998855
25993214
25989699
25988489
25988462
25987366
25984820
25981159
25979140
25978969
25977206
25973222
25971995
25971659
25971451
25969638
25969398
25967130
25964770
25964505
25964057
25963506
25962875
25962092
25961712
25960346
25960315
25956413
25952739
25952738
25952517
25949903
25948075
25947577
25946306
25945808
25944410
25938561
25937616
25936253
25935620
25934633
25933410
25932629
25932536
25931452
25926619
25926457
25925343
25924166
25918550
25917683
25913539
25913398
25909812
25908461
25905815
25903464
25902510
25900205
25899481
25892971
25891895
25891484
25891220
25888511
25888067
25887262
25885028
25883123
25881911
25881908
25881417
25879122
25870557
25869788
25865735
25864782
25864635
25863813
25863238
25861697
25859282
25859202
25858311
25857415
25855483
25855179
25855160
25854217
25853677
25852529
25852515
25844314
25844108
25842293
25842289
25841720
25841413
25841277
25840462
25838346
25837176
25835117
25830688
25830417
25829531
25829090
25824424
25823493
25822737
25820840
25820147
25817745
25813354
25810386
25809322
25806343
25805800
25799041
25798327
25798082
25797123
25796135
25795130
25795039
25785829
25784113
25783676
25783509
25783289
25781229
25779004
25775886
25774236
25774094
25773986
25770991
25770990
25770126
25769397
25769028
25768010
25767737
25766839
25765326
25763917
25762625
25762000
25759424
25752393
25752384
25752209
25751861
25750691
25750690
25750032
25745092
25744884
25744235
25743635
25741489
25741488
25740537
25740507
25739639
25738560
25734991
25734247
25733953
25733132
25731993
25729372
25726354
25725984
25724758
25722445
25722245
25720553
25714808
25711176
25708317
25706794
25704387
25702957
25702259
25702224
25700453
25699097
25699001
25698745
25698730
25697049
25695644
25693667
25693589
25691614
25685703
25680716
25680710
25680385
25678559
25678250
25676388
25673055
25673053
25672209
25671502
25665971
25665967
25665667
25662713
25660660
25660537
25655559
25654503
25650106
25649065
25647076
25646957
25646707
25646149
25644857
25642338
25641065
25637461
25637276
25635760
25635138
25634679
25634049
25633681
25633674
25633529
25632148
25631614
25631058
25630223
25629550
25628965
25626308
25622039
25621697
25621196
25619207
25613588
25613536
25613438
25611512
25610795
25610790
25610774
25610765
25610393
25610386
25609769
25609767
25609076
25608167
25608159
25605941
25605923
25605288
25599008
25596443
25596441
25595813
25595344
25595145
25595135
25593118
25591542
25589723
25589666
25584706
25580592
25580368
25580059
25578953
25578798
25577954
25577749
25573669
25573631
25573522
25572665
25571134
25570676
25570386
25570142
25570138
25569345
25568851
25568301
25567763
25565942
25562824
25560859
25559871
25557468
25557401
25557398
25557318
25557270
25552666
25551703
26937439
25548121
25546194
25546072
25541191
25538727
25538106
25536495
25536493
25533477
25531391
25527870
25526971
25526456
25525187
25525182
25520392
25519874
25517227
25504434
25502803
25501326
25501083
25500359
25499394
25496902
25493027
25489639
25488236
25487911
25485405
25485359
25484927
25483833
25483019
25478022
25476537
25476510
25476118
25469062
25468244
25468177
25468144
25467832
25467775
25466368
25464921
25463831
25463065
25461806
25460306
25459673
25459409
25458962
25458227
25458029
25457974
25455495
25454279
25452219
25452111
25451430
25451216
25450866
25450224
25450107
25450031
25449160
25448865
25446969
25445782
25445778
25445247
25442005
25439623
25438304
25437302
25431093
25430911
25429141
25422457
25416179
25414381
25407582
25406832
25405650
25404919
25404661
25403939
25403669
25403555
25400102
25397630
25393718
25393613
25391320
25389123
25387119
25384127
25378157
25374110
25372846
25370581
25368574
25367784
25367748
25366111
25358714
25352153
25351507
25351460
25348731
25348593
25347157
25346710
25345894
25340951
25339755
25337714
25333606
25331991
25331602
25328893
25328013
25324352
25323881
25322077
25320825
25320503
25319696
25319564
25316341
25313234
25311448
25311315
25309940
25309910
25309503
25309382
25307796
25305156
25304523
25301496
25298383
25298312
25298199
25298170
25297934
25293403
25292385
25286924
25285363
25285065
25283887
25282614
25277976
25277885
25277611
25277385
25275678
25274888
25273996
25273917
25271062
25268234
25268160
25267823
25263854
25263718
25263085
25261745
25261500
25258254
25257474
25256060
25253860
25253426
25252272
25251869
25248756
25248503
25247893
25246508
25246049
25243989
25239654
25236674
25234119
25232884
25231386
25231385
25227313
25227007
25227006
25227005
25226426
25225001
25224998
25224997
25222200
25221467
25220190
25214887
25214642
25214640
25211629
25209433
25208287
25207851
25204436
25203276
25202659
25202083
25200114
25196027
25192653
25191246
25191126
25189831
25182853
25180159
25180158
25178997
25178268
25177376
25174814
25174774
25173780
25170021
25169676
25168931
25165064
25163419
25162472
25162396
25159539
25156697
25156399
25156159
25155658
25155399
25154707
25153169
25151915
25150733
25149706
25147105
25146374
25143071
25142296
25142177
25141582
25140549
25140230
25139578
25136592
25135163
25126055
25126054
25124776
25124574
25123974
25122207
25120466
25120245
25117755
25116835
25116397
25114071
25112709
25111472
25108246
25107363
25105430
25101980
25101625
25101235
25100590
25100253
25099023
25098555
25097125
25092714
25092308
25086934
25085789
25082550
25078102
25077930
25074638
25072926
25071539
25070961
25070791
25066491
25060989
25060221
25055259
25054847
25054774
25052054
25051893
25047329
25044773
25043833
25031637
25030720
25030280
25029939
25027745
25027478
25022534
25017999
25015683
25013347
25012830
25009530
25006969
25004180
25003822
24999327
24996250
24993186
24990403
24990401
24989409
24989404
24982615
24978635
24976932
24973896
24972755
24972303
24970910
24970773
24967816
24967536
24965509
24962555
24960048
24954829
24954673
24953008
24949670
24949452
24947073
24939872
24936429
24936033
24935991
24935990
24929963
24929635
24927797
24926680
24924673
24924547
24920856
24920613
24918068
24913897
24908148
24907904
24906509
24905972
24905283
24905072
24904497
24904384
24904260
24903217
24903095
24902639
24901166
24900701
24900134
24899346
24898927
24898924
24898155
24894391
24890297
24889631
24883124
24881876
24880085
24879924
24879865
24875230
24873995
24872562
24872353
24868109
24865402
24865310
24859408
24859091
24857233
24853403
24853269
24853067
24852460
24852459
24851025
24849862
24848821
24845275
24844742
24844267
24841218
24833867
24832612
24832174
24831391
24828747
24828642
24825620
24822360
24821530
24819420
24816714
24813149
24812876
24809275
24807605
24806689
24806602
24806110
24802909
24801216
24800827
24799482
24796856
24796096
24795681
24793897
24793183
24793147
24790218
24790197
24789353
24787963
24786664
24785505
24782518
24781871
24781835
24780415
24778245
24777947
24777354
24775610
24771280
24769184
24764454
24763631
24763126
24761836
24760269
24759214
24757667
24756323
24755095
24753982
24753396
24751826
24750702
24748378
24747033
24746569
24745956
24744045
24740689
24735850
24724398
24724090
24723670
24720892
24720689
24718671
24711712
24711650
24710997
24710167
24710161
24706011
24706010
24705621
24705620
24705202
24704268
24702287
24701595
24700884
24699907
24695717
24695273
24694805
24691929
24687922
24686920
24682187
24676149
24673881
24672457
24672002
24670609
24670127
24668640
24667454
24666131
24665089
24663382
24662278
24659972
24656834
24653929
24652828
24651703
24650573
24648467
24647576
24647108
24640981
24639493
24639383
24625207
24624329
24623152
24621017
24619570
24618589
24616676
24614904
24613906
24613706
24610646
24608097
24607911
24606467
24602322
24598588
24597352
24595589
24594508
24592961
24592296
24592234
24591489
24589839
24588533
24587644
24585679
24585367
24585048
24583906
24578242
24577626
24574998
24573658
24573549
24567448
24567030
24566095
24566003
24565219
24565013
24563726
24562650
24560717
24559659
24557585
24555068
24553928
24553104
24552631
24551135
24550063
24535649
24532377
24531045
24530838
24530787
24529143
24526187
24523617
24523561
24523481
24522797
24518101
24516415
24512940
24509428
24505813
24505681
24505298
24504845
24504153
24503798
24500631
24497666
24491950
24489955
24488484
24481757
24480455
24480301
26229630
24478672
24478377
24477745
24472395
24470172
24466178
24466026
24464717
24462230
24460366
24456389
24453190
24451660
24451199
24448836
24448743
24447619
24446548
24443696
24438492
24434290
24433848
24431428
24430415
24416626
24416539
24416017
24412187
24404822
24403238
24403158
24402886
24399974
24396505
24396009
24394043
24393295
24391997
24391603
24389422
24387978
24382784
24382020
24381271
24380047
24379935
24379771
24376850
26331026
25796792
24367935
24367286
24365650
24364396
24363991
24363971
24361662
24361478
24360551
24355259
24351981
24339963
24338729
24338247
24334723
24332383
24329333
24327754
24322792
24320463
24317375
24314045
24312147
24312048
24305722
24302894
24300664
24300490
24298242
24297504
24296330
24294351
24294205
24291614
24287322
24285943
24285902
24285281
24282993
24280181
24273134
24270731
24269803
24269261
24268581
24267032
24262882
24262176
24259913
24259568
24257566
24253219
24252435
24250019
24249640
24246494
24244465
24239689
24236043
24232871
24231948
24223554
24220539
24218598
24209913
24206623
24204337
24204242
24201551
24201549
24200210
24196370
24194552
24192754
24192513
24189342
24189128
24188484
24188368
24185013
24179825
24179823
24179814
24179292
24176197
24173608
24171045
24169628
24166579
24166476
24165885
24162516
24161593
24156264
24156027
24155765
24152622
24152544
24151458
24151454
24150224
24148027
24147643
24147485
24146745
24142480
24139528
24139048
24137150
24136826
24136293
24135857
24135322
24133385
24132377
24129710
24123508
24122368
24121088
24116348
24115941
24111298
24110355
24110229
24108799
24107806
24107621
24107601
24106662
24104968
24103657
24103375
24101429
24100201
24099497
24098749
24097059
24094912
24094708
24093016
24092940
24092642
24092460
24090793
24089897
24086687
24086433
24086106
24083757
24081876
24078286
24076296
24073391
24072606
24072164
24071512
24069318
24068330
24064470
24064322
24064074
24064071
24063508
24062699
24060808
24053044
24052804
24052108
24047390
24047380
24047337
24046125
24043740
24041012
24040805
24038570
24037430
24035431
24032010
24029655
24029377
24025102
24012326
24012136
24009278
24009273
24006217
24001457
24001399
23999175
23994581
23992340
23988768
23986723
23986499
23985564
23984808
23978447
23978392
23975275
23974947
23973859
23973408
23970857
23970365
23968839
23967320
23966903
23963151
23959214
23957597
23955702
23955632
23954175
23951142
23950743
23948629
23948509
23945387
23943512
23942908
23942075
23939288
23936504
23934663
23933483
23933482
23933381
23932184
23929431
23928140
23924609
23922740
23921256
23921097
23917500
23914948
23908132
23905617
23903666
23901117
23901092
23901035
23900048
23897875
23897123
23896244
23890584
23887819
23886985
23884042
23882174
23874543
23868951
23864719
23859647
23859610
23857976
23857457
23851955
23850509
23850330
23849331
23846517
23846418
23846254
23845425
23844335
23843893
23840392
23836504
23829932
23827381
23818007
23816942
23816374
23815571
23810975
23809513
23807705
23806501
23805071
23804324
23804126
23803314
23801217
23801169
23800487
23799530
23799136
23797806
23797273
23797218
23796796
23793722
23791826
23791710
23777173
23775979
23774464
23773675
23773160
23772829
23772210
23771980
23770408
23769923
23764889
23764293
23762842
23762549
23762274
23762193
23761885
23760393
23758795
23756099
23744128
23742544
23741040
23740105
23740049
23739982
23735520
23735260
23732871
23731740
23729697
23729364
23727534
23727400
23727320
23727317
23727173
23725992
23725159
23722225
23717498
23715905
23715902
23707584
23707580
23706550
23704980
23701948
23701701
23701192
23678877
23699518
23690748
23689985
23689586
23686697
23686534
23684384
23681757
23678104
23678010
23674211
23671038
23670054
23669457
23664414
23664030
23660005
23652805
23652421
23651498
23649463
23648384
23647759
23645596
23643464
23643106
23642578
23642575
23640455
23640220
23638491
23638338
23631991
23631871
23630491
23630286
23628985
23624169
23620410
23613798
23613667
23613104
23609763
23609762
23607029
23601767
23601287
23601168
23599165
23593290
23593272
23592367
23590171
23586041
23579331
23579330
23575839
23574436
23573365
23568269
23565107
23560100
23560073
23559873
23559521
23558480
23558337
23558100
23555588
23554961
23552443
23551805
23549390
23548101
23541860
23541799
23541333
23541187
25107617
23536396
23536092
23536078
23536070
23533750
23531389
23530249
23529021
23526988
23526784
23525044
23524053
23523802
23522051
23521465
23520267
23518008
23517604
23508528
23507390
23504954
23504659
23503000
23501216
23501047
23499722
23497727
23494061
23491263
23486959
23486873
23486741
23485049
23483904
23483676
23480740
23478305
23476024
23474040
23471750
23471311
23470128
23467364
23466350
23459749
23457119
23451025
23450847
23450518
23450288
23448868
23446285
24895506
23440462
23439701
23439138
23428861
23436073
23431398
23429934
23429366
23426660
23424640
23424032
23422254
23420460
23417479
23415909
23414629
23411393
23410034
23409709
23408467
23407947
23404883
23404344
23403412
23401720
23401605
23392931
23391817
23391118
23390666
23390179
23386739
23383155
23382114
23380849
23376854
23375562
23373719
23370092
23366962
23366363
23365250
23365241
23364679
23363934
23359801
23354032
23349665
23348495
23347587
23346156
23344784
23340519
23339608
23335491
23334122
23333417
23328564
23328390
23327900
23325325
23323025
23322666
23322207
23320060
23317838
23316477
23307487
23306761
23303067
23303059
23302660
23300829
23300273
23300228
23300102
23298747
23297785
23293853
23291188
23288332
23286137
23284874
23244185
23281426
23280267
23280029
23279182
23278978
23274882
23273724
26167204
25599092
25383392
24683997
23271192
23269472
23267320
23267318
23265665
23263541
23261639
23259713
23250657
23249348
23242038
23239525
23236077
23232293
23231951
23231419
23230425
23229746
23226547
23223380
23222445
23219566
23219463
23216771
23213092
23208787
23207625
23207575
23200700
23199703
23199565
23197155
26272761
24900076
23189049
23179888
23174092
23171509
23162440
23162439
23160011
23157632
23154643
23152757
23151729
23142223
23141550
23139901
23137948
23135409
23134591
23129373
23129338
23121504
23118574
23116493
23114901
23112868
23110863
23110678
23108372
23108249
23100585
23096741
23094764
23094592
23090986
23087604
23077112
23073913
23071644
23071351
23071222
23070466
23069922
23068711
23068052
23064212
23063843
23060755
23060754
23058071
23053327
23048212
23047645
23047371
23041528
23041336
23036071
23034518
23033154
23028415
23027207
23027096
23023154
23022623
23022069
23021038
23017426
23016766
23015795
23015782
23014526
23011550
23011220
22986356
22985954
22985738
22982358
22982355
22978780
22977776
22975823
22973946
22972646
22969713
22969709
22968401
22968319
22968069
22967731
22964903
22964490
22963855
22961445
22958764
22957249
22956240
22955570
22952195
22947919
22947086
22945462
22943038
22941838
22940416
22936912
22936472
22928741
22928231
22927899
22922369
22921745
22918781
22918773
22917951
22917885
22917153
22917145
22917141
22917137
22913970
22912424
22903741
22902825
22902471
22895863
22863509
22891055
22886015
22883691
22883546
22883219
22879011
22875026
22873767
22872738
22868882
22868880
22864936
22858577
22854930
22853868
22850222
22849649
22846199
22842018
22841414
22837375
22835621
22831985
22831959
22829686
22828162
22828014
22827961
22820636
22819581
22819364
22816543
22812247
22811995
22811008
22810101
22806958
22805225
22797376
22796989
22796873
22796156
22787695
22786597
22784036
22783172
22783045
22778559
22770722
22770651
22770650
22770542
22764390
22764389
22761880
22761341
22760644
22759992
22759442
22752119
22749433
22748357
22743280
22743251
22743197
22741183
22739362
22739102
22737093
22736565
22735785
22733082
22732558
22731662
22726919
22726841
22726233
22724566
22723775
22722841
22717205
22712644
22711609
22710433
22703637
22700754
22696004
22693310
22688637
22687948
22685065
22682644
22682364
22681671
22678839
22677111
22674539
22673973
22669011
22660205
22658807
22658215
22651703
22645227
22644713
22638494
22633528
22629851
22623966
22623896
22616533
22615802
22610458
22609578
22596271
22596235
22595033
22593947
22593945
22593861
22586511
22580170
22577859
22576209
22575186
22574121
22572708
22570715
22570063
22566600
22565201
22564748
22560503
22554090
22553889
22548125
22541167
22541026
22539931
22537793
22536320
22533632
22531506
22531423
22520475
22517954
22510256
22508766
22507699
22499797
22498658
22498657
22498655
22498092
22492982
22491869
22491861
22488240
22487032
22484342
22479172
22475921
22475892
22467230
22460159
22457741
22456918
22446491
22446375
22438441
22431642
22426741
22423634
22422098
22421430
22418402
22414991
22414632
22414592
22413108
22409939
22408630
22408609
22406068
22405803
22402886
22401755
22399094
22398375
22391699
22391444
22389627
22387761
22387258
22383999
22382688
22379639
22379638
22379188
22376130
22371619
22371590
22368086
22363492
22363279
22363254
25419265
24900033
22359780
22355285
22351502
22350062
22348881
22348249
22344813
22340178
22340063
22338012
22337686
22336565
22332188
22332186
22329847
22327787
22323774
22323624
22322206
22314152
22311581
22307594
22305994
22305262
22302965
22302178
22297644
22297461
22295119
22295097
22290265
22290256
22287989
22285638
22281674
22276111
22271786
22270509
22270507
22270174
22267203
22267184
22266176
22265721
22262876
22261783
22261376
22257044
22256225
22252372
22251555
22242196
22238194
22238090
22236691
22236449
22235148
22235101
22233763
22232345
22230948
22228751
22227887
22227886
22227352
22227050
22226480
22223079
22214491
22213823
22211726
22202187
22209266
22208967
25892970
24179746
24179741
24179732
24014189
23986839
22206958
22203319
22202007
22198972
22194481
22193290
22190514
22189480
22188635
22166455
22186667
22180777
22180462
22178811
22178644
22173840
22173551
22172392
22172391
22170262
22167409
22164273
22160176
22155376
22155044
22154873
22153940
22153378
22146752
22143164
22078173
22078171
22078170
22137017
22132039
22130788
22126913
25309639
23610514
22125508
22121056
22118419
22116590
22115994
22115832
22114875
22114191
22114099
22113088
22112970
22108203
22105948
22104678
22104496
22102841
22100791
22098794
22084090
22079448
22079109
22074898
22074478
22066897
22066108
22065875
22065872
22065316
22058214
22057623
22057028
22052623
22052158
22050976
22047964
22047634
22045477
22038908
22033026
22033024
22022410
22021252
22019516
22008374
22008371
22008370
22006979
22003908
22003906
22003905
22002703
21996618
21995044
21995011
21993878
21992873
21992749
21990575
21990221
21987546
21986682
21983242
21975588
21971479
21971457
21971456
21968431
21968196
21953008
21945695
21945469
21944191
21940588
21928658
21927909
21926843
21926260
21925190
21924367
21922397
21918043
21916565
21914642
21914569
21912534
21908392
21905311
21903741
21903740
21898356
21897814
21892034
21889990
21889392
21887677
21886616
21885729
21871573
21871569
21864850
21864204
21862943
21860002
21853370
21846988
21845148
21840405
21835249
21832213
21829549
21826762
21822136
21821697
21818149
21815470
21813690
21813406
21812568
21811175
21810590
21808632
21805824
21805181
21804920
21801839
21801166
21800090
21792570
21791891
21784544
21783419
21781973
21769466
21765857
21765166
21764801
21764800
21764567
21761690
21754916
21749711
21748797
21748413
21742806
21741254
21738446
21734884
21733518
21733291
21729756
21729421
21728204
21726650
21724502
21723948
21722703
21718759
21715709
21715629
21714958
21709684
21709618
21705394
21704722
21703286
21700589
21695536
21694449
21694448
21693490
21689761
21683500
21681555
21674697
21672670
21671738
21670386
21669407
21665308
21664943
21658990
21651782
21646622
21641741
21638324
21633846
21632463
21632132
21630083
21629858
21627112
21625532
21624562
24899990
24899987
21620455
21619913
21617977
21613490
21612930
21612768
21604939
21609960
21606347
21601641
21600290
21599541
21592741
21572566
21571254
21570913
21570425
21567252
21565925
21559979
21556744
21556277
21555634
21555603
21554966
21554775
21552019
21550258
21549434
21549204
21547221
21547152
21546177
21541010
21537838
21532540
21532538
21531382
21531100
21529844
21527788
21525269
21524814
21523844
21522122
21519392
21515639
21513803
21513594
21512183
21508857
21508201
21499216
21499141
21498538
21498321
21498286
21493868
21492793
21490964
21487568
21482548
21479849
21477664
21477602
21476562
21471558
21471387
21468765
21468092
21459091
21455942
21452718
21445790
21441998
21440643
21435573
21435566
21435563
21432946
21430171
21430149
21422459
21422426
21421710
21419229
21409347
21405971
21404633
21404568
21392641
21392171
21391742
21377810
21377518
21375601
21372746
21371531
21369416
21359126
21356392
21354233
21350962
21345176
21337407
21326196
21321398
21321270
21321269
21321262
21320756
21320609
21317080
21300399
21289169
21282074
21276856
21274681
21271227
21270454
21263172
21262807
21259382
21257723
21252551
21245407
21245183
21240711
21238468
21233183
21232613
21228454
21228154
21222593
21213193
21210073
21209937
21203912
21199958
21198866
21194156
23133794
22832521
22832428
22738227
22433049
22432455
21184291
21181462
21176986
21176189
21175012
21172518
21168237
21160793
21158313
21152081
21151781
21151556
21149494
21149488
21149486
21149473
21147999
21147931
21147389
21146621
21146416
21137680
21135315
21135253
21134809
21133799
21129184
21128554
21126842
21122413
21119772
21119752
21113691
21109481
21105145
21098912
21097993
21097138
21097123
21096970
21094259
21091313
21085954
21084271
21078787
21078707
21075334
21075154
21073969
21073170
21072595
21070982
21057722
21050970
21048292
21035553
21035399
20980613
20977325
20971575
20963940
20963452
20962233
20961663
20950660
20949379
20949008
20940733
20937393
20936410
20936364
20932345
20930328
20928831
20927017
20926977
20920147
20888922
20888130
20887875
20886576
20882280
20881565
20880782
25164049
20876002
20872081
20869953
20869454
20869449
20868630
20862654
20858546
20857694
20851194
20851193
20850386
20847637
20847408
20847179
20847166
20838282
20832860
20831492
20831488
20830537
20829489
20818789
20805540
20800696
20799873
20739034
20736866
20736071
20728875
20728547
20728462
20722344
20720076
20720059
20720050
20705143
20694501
20692351
20691274
20685363
20683414
20677377
20676879
20675880
20675076
20674749
20673513
20673095
20665429
20664591
20660731
20660717
20657752
20657226
20655319
20641942
20641913
20634590
20632026
20624473
20619479
20616040
20605358
20600992
20599621
20598972
20598238
20590918
20588211
20586658
20583948
20580933
20580906
20571975
20570741
20570399
20567132
20566325
20562317
20561780
20503406
20554742
20554734
20552285
20542548
20541837
20541834
20541286
20541019
20538772
20538373
20538372
20530410
20521858
20519550
20513592
20512410
20510862
20510371
20504160
20494018
20491278
20490932
20485575
20484416
20483379
20478641
20472072
20467230
20462989
20461469
20457911
20453649
20453041
20452133
20451880
20451874
20451871
20451625
20447873
20447734
20443461
20442311
20441609
20433243
20422445
20421814
20413897
20412570
20406692
20401747
20395329
20395318
20383592
20383319
20381066
20374267
20371133
20369004
20362418
20361897
20351350
20348000
20347995
20346872
20337015
20336454
20333514
20306088
20306038
20306003
20304864
20303998
20299389
20231040
20226767
20226665
20225220
20211213
20206068
20205245
20203180
20203174
20202637
20202634
20199180
20195167
20194687
20192032
22823024
20186025
20182005
20178033
20177086
20177016
20176406
20175033
20170362
20161811
20160645
20160457
20160061
20146665
20141261
20132896
20130858
20129853
20129132
20124050
20123554
20119878
20116952
20112242
20083013
20108309
20100583
20096528
20093789
20091793
20087533
20084104
20083798
20083206
20079441
20072075
20066226
20060966
20053886
20052727
20047503
20045478
20044888
24281167
24198622
22966275
22045351
21897824
21738513
21576817
21576815
20036116
20034582
20032154
20030225
20026225
20019232
20017524
20014923
20010945
20009452
20009419
20008987
20008985
20008980
20008664
20008650
20006713
20004726
20004247
20001245
19999354
19969090
19964852
19964387
19962441
19959009
19956730
19956382
19955945
19948230
19944767
19944083
19936332
19936229
19931396
19925196
19917925
19915840
19914928
19912322
19910433
19910278
19907352
19890267
19890009
19887967
19883988
19879364
19864559
19864557
19859933
19854694
19851821
19847049
19844211
19840034
19837758
19833956
19833312
19829257
19822738
19808576
19794320
19793875
19761569
19777552
19773436
19760551
19759538
19756752
19756591
19745091
19741594
19722170
19721844
19713142
19710641
19706320
19695886
19695804
19692817
19690501
19690035
19688982
19686704
19683403
19682583
19680466
19674939
19668699
19651222
19646825
19642884
19641169
19638431
19624866
19619181
19597778
19593823
19584166
19582652
19576880
19575412
19574886
19569071
19568609
19562945
19562629
19562043
19560509
19560101
19554558
19552926
19549907
19545475
19403880
19403879
19541487
19539742
19530674
19525468
19525461
19524091
19520175
19519314
19515922
19515916
19512976
19501716
19487962
19483354
19482372
19481161
19466580
19465432
19462209
19457392
19457378
19451443
19447183
19447098
19446443
19445476
19443596
19442745
19442744
19442671
19438449
19436227
19433711
19433663
19429173
19428274
19421820
19420266
19417895
19411370
19410472
19408294
19403795
19403369
19399376
19398017
19394368
19386636
19380410
19380409
19380406
19377904
19372474
19367450
19356462
19351756
19349313
19349238
19349228
19348727
19347360
19345736
19343239
19337363
19334050
19330172
19328238
19326117
19304506
19303915
19303449
19300885
19295153
19293770
19293769
19286694
19286463
19285144
19280686
19268916
19259108
19247654
19244009
19237050
19223416
19220170
19215655
19212611
19211872
19199400
19196993
19194210
19184561
19182496
19173182
19169850
19164458
19164228
19164218
19163367
19154408
19147747
19146819
19144851
19144586
19141073
19138335
19135154
19130466
19124108
19122007
19117994
19117895
20426183
19107753
19106652
19105768
19102214
19095367
19079597
19075670
19075273
19064982
19054506
19050900
19050878
19041965
19040340
19018083
19011428
19004571
19002686
19001534
18997869
18991710
18991499
18987522
18987188
18985342
18979396
18978442
18976347
18971465
18963541
18958245
18958210
18951984
18937377
18931497
18834437
18923050
18852558
18849131
18843572
18843264
18842891
18836375
18835076
18832559
18831684
18828015
20425466
18822407
18820290
18815269
18797307
18794268
18793733
18790789
18789964
18786570
18771353
18762918
18761818
18760693
18757744
20401334
18753378
18752410
18751410
18713680
18703597
18695872
18691999
18690157
18686352
18683566
18683093
18679757
18674698
18672212
18671847
18667160
18665755
18664692
18661505
18643304
18633800
18631977
18631949
18617011
18614272
18607202
18606193
18602508
18600319
18595800
18595242
18590613
18584043
18583368
18580578
18572354
18570291
18568346
18557776
18552146
18552144
18550392
18549893
18546037
18541632
18528731
18522978
18510449
18509023
18506642
18498669
18497503
18487079
18483267
18482849
18477305
18471711
18458566
18456393
18452748
18445740
18442082
18427123
18418955
18418597
18413392
18398739
18392219
18390390
18389935
18385996
18380382
18379641
18374421
18368045
18337507
18331971
18327720
18327670
18324757
18323572
18322413
18322371
18313791
18311814
18311134
18309087
18306190
18305258
18301993
18300284
18278573
18268287
18267057
18265396
18258978
18243847
18237806
18234880
18221069
18217834
18211240
18210834
18204414
18199612
18199608
18194807
18191901
18191863
18191584
18189000
18172054
18164158
22274902
18158938
18158358
18158226
18156883
18093844
18090215
18084682
18070217
18061261
18057227
18057117
18055006
18053364
18044562
18042495
18033768
18033767
18032658
18026724
18023113
18022480
18021379
18002584
17989279
17988578
17987058
17983962
17979867
17979786
17959204
17957854
17949691
17949689
17947718
17924543
17922462
17913513
17913282
17909793
17899573
17898035
17894392
17892371
17889566
17884017
17879371
17873129
17872386
17868400
17852456
17846109
17827982
17826860
17786947
17786810
17765122
17764849
17718061
17714864
17710118
17704250
17698371
17695425
17690132
17688963
17688308
17684497
17680242
17679210
17665159
17664458
17653575
17652495
17640949
17638925
17638611
17634488
17631544
17626038
17623254
17617658
17615138
17607039
17599702
17598150
17586603
17575208
17574986
17573394
17562698
17560992
17540966
17540958
17540348
17533753
17531450
17520306
17512218
17512192
17505491
17504137
17503039
17499168
17492401
17482789
17475962
17475292
17469688
17454633
17449350
17447424
17434757
17433357
17430251
17428975
17416922
17413029
17413018
17413016
17390721
17385018
17381421
17381257
17381256
17359923
17354790
17354695
17346989
17343787
17341902
17334953
17318670
17317827
17307666
17306963
17306236
17303809
17296637
17280966
17271874
17268330
17267555
17266588
17259948
17255262
17242329
17242237
17225182
17224134
17216152
17205016
17204711
17203238
19690647
17195074
17185195
17183636
17178290
17172162
17169579
17148468
17146385
17140369
17133383
17119884
17116002
17114149
17114081
17111390
17103167
17100784
17085363
17080242
17073855
17069585
17069480
17069470
17064702
17063502
17055988
17051324
17028562
17028561
17021834
17021810
17020967
17017537
17012939
17009847
17007235
16987637
16987415
16979871
16979350
16971537
16959497
16956979
16954195
16945767
16936185
16918957
16890665
16890523
16881271
16880359
16842102
16841142
16837539
16832633
16832631
16829652
16829650
16829647
16818951
16806977
16804550
16803470
16786320
16779798
16770230
16767959
16767759
16763173
16757862
16754834
16750614
16741302
16741296
16733941
16733687
16721614
16707915
16701213
16688451
16685993
16673551
16652410
16647885
16624525
16612217
16611017
16604626
16600863
16586079
16580957
16565951
16556964
16556298
16543785
16541245
16541241
16529955
16529042
16523309
16517451
16512924
16496032
16493230
16487944
16487726
16485568
16461035
16443497
16434414
16432782
16421508
16417689
16414274
16404595
16397030
19595854
16353857
16352289
16341243
16339029
16337706
16317490
16314575
16313793
16302856
16292175
16285905
16278840
16275139
16272875
16266981
16266571
16254997
16247636
16236914
16236037
16226394
16216531
16204712
16202481
19595847
16192338
16192329
16188459
16175856
16163171
16157939
16150944
16139527
16139525
16116445
16105512
16102232
16092133
16051174
16036688
16036398
16033924
16018331
16010251
16010050
16009246
16003118
16003117
16000572
16000283
16000282
15999901
15997017
15994724
15988623
15980161
15977211
15969909
15964705
15946979
15939713
15937310
15930991
15912277
15911992
15897947
15858403
15853510
15837411
15833443
15822176
15818169
15811787
15806369
15804920
15802598
15800041
15798307
15777860
15772354
15772107
15771403
15755278
15747152
15734361
15734356
15731537
15724539
15724138
15707609
15699618
15693656
15692762
15688795
15672765
15668415
15653658
15652318
15632051
15623696
15611393
15585481
15585386
15572117
15569736
15548658
15538191
15535276
15528079
15506831
15504334
15501090
15488559
15459433
15459025
15389952
15387850
15347714
15344469
15330142
15319313
15319241
15298786
15278321
15275712
15272675
15270771
15266553
15257418
15241531
15235607
15234033
15229048
15223643
15218157
15216742
15209063
15184037
15183395
15182635
15175169
15170783
15147320
15142549
15133634
15129700
15113271
15110032
15100500
15090873
15070770
15056451
15054060
15050577
15038367
15027127
15026591
15024601
15016102
15014103
15010115
15006651
14974357
14973239
14972366
14762698
14753421
14734674
14734662
14734449
14728924
14712410
14704218
14692913
14675704
14673049
14668036
14631090
14606055
14597329
14597319
14574514
14572971
14570730
14568468
14558598
14537137
14527579
14509573
14499334
12960187
12957455
12955381
12952420
12939229
12938124
12886136
12881606
12860940
12821513
12814578
12810372
12802176
12766597
12764119
12745184
12744977
12738587
12735513
12718866
12718865
12718849
12706214
12704932
12703013
12686507
12679395
12677306
12668237
12655327
12649841
12649523
12628732
12621754
12603252
12576364
12573320
12569601
12566650
12557048
12544844
12513946
12507440
12483411
12482097
12482085
12472392
12450490
12446055
12416580
12405975
12399144
12377603
12377156
12360611
12209961
12202093
12202080
12192570
12191448
12168354
23573603
12134916
12111128
12076102
12062884
12058969
12042532
12042468
12029544
12015760
11999946
11926385
11915615
11906220
11906219
11906218
11901922
11891942
11889228
11884491
11870528
11843811
11840293
11837706
11824282
11824239
11823082
11802175
11780180
11769705
11751032
11701938
11694178
11594268
11565867
11554800
11548936
11543057
11535719
11526211
11511119
11504075
11503898
11483680
11456669
11433815
24770458
11419843
11408502
11403197
11384848
11342337
11340367
11266191
11177656
11251050
11206266
11206011
11209064
11169874
11165902
11146041
11133784
11133312
11110829
11103411
11099997
11098577
11091112
11072266
11021694
11014544
11007529
11005878
10987901
10943682
10936920
10917540
10909929
10908676
10853094
10819910
10789875
10764428
10741278
10735510
10727305
10671406
10637086
10627406
10580868
10571933
10563428
10511341
10493902
10484959
10453400
10450253
10406521
10388792
10336657
10334901
10325504
10211794
9988840
9932186
9920218
9868257
9867138
9865437
9827467
9808498
9779226
9710389
9688153
9685156
9669580
9669393
9667363
9663898
9663897
9662595
9616140
9613489
9591574
9558643
9448250
9476945
9430467
9362401
9278877
9225689
9289683
9040632
8960062
9574185
9490094
9240237
9120424
9035075
8996296
8988077
8993486
8960580
8912819
8950240
10320420
8752795
8776755
8800448
8761544
8849966
9526549
9013493
8891868
8587216
7484769
8580629
8564293
8746944
24203720
8564915
7625467
7492817
7781797
7675940
7882476
7890126
8747401
8584276
7997543
