Results: 2202
27090170
27087270
27084762
27084692
27084688
27079727
27077023
27073147
27072175
27071087
27066519
27066149
27065781
27063501
27062552
27062270
27060962
27057860
27056754
27056614
27051064
27047990
27043244
27043062
27035974
27033684
27032917
27031486
27030397
27029438
27026271
27025083
27023366
27022264
27021814
27021514
27016624
27013699
27012484
27007237
27001678
27001615
27000303
26993317
26981446
26978777
26975402
26971943
26971472
26968515
26962408
26960726
26960325
26960234
26956452
26954295
26940764
26940242
26934729
26929239
26928581
26924981
26923411
26923012
26921889
26921134
26912433
26911640
26910049
26909713
26909327
26908316
26901357
26900584
26900568
26899245
26897255
26890751
26890734
26886109
26883667
26883066
26875430
26874919
26872788
26872437
26862478
26859083
26857818
26857413
26855936
26854170
26853260
26848175
26844524
26844480
26843639
26843200
26843179
26836150
26834108
26834106
26834105
26830617
26829357
26822368
26820682
26813969
26812192
26807840
26807332
26807270
26805583
26805582
26802091
26801184
26796546
26796431
26793434
26792296
26782335
26780113
26778791
26774739
26774202
26758830
26758564
26755872
26751256
26749189
26749017
26743895
26742713
26741803
26737523
26737520
26737235
26736910
26736635
26733866
26732764
26730965
26724581
26721405
26717353
26708311
26707889
26703938
26703805
26702780
26702437
26701335
26700460
26692860
26690804
26686837
26677842
26673243
26670907
26668398
26667883
26661209
26661171
26657654
26656325
26655583
26644537
26639967
26639966
26635720
26630973
26628410
26627081
26626881
26625159
26616639
26613792
26612465
26611425
26610265
26609132
26602102
26600385
26599054
26597325
26596551
26595826
26595683
26594800
26594165
26592808
26586578
26584760
26581959
26578946
26577447
26567734
26561296
26559732
26558773
26551697
26550449
26545631
26544095
26541308
26539070
26537287
26537217
26536135
26523658
26522867
26521995
26520731
26517124
26516367
26515932
26515126
26509111
26505746
26502787
26502309
26501399
26497206
26493111
26489977
26483652
26483088
26482616
26478889
26473985
26469301
26467464
26466943
26449834
26448910
26445229
26441570
26436860
26429956
26429955
26428666
26424722
26421426
26421299
26418276
26417597
26414022
26413854
26407815
26402749
26402622
26402101
26402008
26402006
26401938
26401690
26397020
26396632
26394773
26388398
26388147
26385759
26383153
26382105
26381556
26381267
26377686
26377670
26377152
26373605
26373380
26371795
26370678
26368933
26368542
26365671
26364321
26359571
26359260
26354982
26353898
26348589
26348486
26346756
26346648
26341365
26338898
26337803
26337532
26328941
26327079
26326855
26326722
26326681
26326506
26326302
26326298
26326296
26326269
26326205
26326115
26325988
26321937
26320776
26318579
26316472
26315980
26306455
26303364
26303106
26297736
26294712
26288750
26283352
26280386
26280102
26277991
26275126
26272810
26266096
26265617
26260650
26260079
26259579
26259016
26257686
26256482
26254595
26251415
26246790
26242705
26234131
26233324
26233262
26233200
26229476
26228575
26223260
26223259
26221728
26218521
26205911
26203136
26200908
26188774
26187550
26184011
26177608
26175795
26174425
26173861
26173095
26171146
26165806
26164454
26162553
26159198
26158047
26157396
26156534
26151923
26147946
26142876
26141491
26139022
26136164
26133461
26130811
26121930
26121081
26116121
26113084
26112025
26110795
26108208
26106620
26106536
26106351
26102224
26101793
26095348
26091258
26089397
26086915
26085606
26085009
26083533
26083460
26080313
26079684
26076800
26076139
26073027
26070983
26069307
26069306
26069305
26062052
26055936
26055935
26052981
26051750
26048028
26047030
26045308
26043139
26042054
26041611
26040546
26037057
26035750
26027813
26016501
26014883
26012519
26005900
26005805
26004849
26002757
25998855
25993214
25988462
25987366
25978969
25971659
25971451
25969398
25964770
25964057
25962875
25962092
25960346
25960315
25956413
25949903
25947577
25944410
25943981
25938561
25936253
25935620
25932629
25931452
25926619
25926457
25925343
25923998
25918550
25913539
25913398
25909812
25908461
25902510
25899481
25891895
25891484
25888067
25887262
25885059
25881911
25881908
25870557
25869788
25865735
25864635
25861697
25859282
25859202
25858773
25858311
25857415
25855483
25855179
25854748
25854217
25853677
25852529
25849834
25844777
25842293
25842289
25841720
25841413
25841277
25840462
25838346
25837176
25830688
25823742
25822737
25820840
25820147
25813354
25805800
25795130
25788102
25785829
25783509
25781268
25779004
25774094
25773986
25770991
25770990
25767737
25765326
25763917
25762912
25762000
25759424
25752393
25752384
25752209
25750691
25750032
25743635
25741489
25741488
25739639
25734991
25734247
25733953
25724758
25721800
25720553
25716485
25715350
25711176
25704387
25702957
25700453
25697049
25693589
25685703
25680710
25679805
25678250
25676388
25673055
25665967
25660660
25655559
25654503
25649065
25646957
25646707
25646149
25644857
25641065
25637461
25637276
25635138
25634679
25634049
25633681
25633674
25631614
25631058
25630223
25628965
25621017
25619207
25613536
25613438
25610795
25610790
25610765
25610393
25609769
25609767
25599008
25596443
25595344
25595145
25593118
25591542
25589723
25589666
25587799
25584706
25580592
25580059
25578953
25578798
25577749
25573669
25573631
25571134
25570694
25570386
25563227
25557318
25553620
25541191
25538727
25538106
25536495
25533477
25526971
25526456
25525187
25525182
25520392
25519874
25517227
25502803
25501083
25499394
25496902
25489639
25488236
25487911
25485405
25484927
25483019
25478022
25477817
25476537
25476510
25476118
25467832
25464921
25463065
25462790
25461806
25457974
25455495
25454279
25452219
25451430
25451216
25450224
25450107
25450031
25449160
25437302
25430911
25429141
25422457
25416179
25414381
25406832
25405944
25405650
25404919
25403939
25403669
25400102
25397630
25391320
25387354
25387119
25384127
25379449
25374110
25372846
25370581
25366111
25352153
25351507
25347157
25345894
25339755
25337714
25331602
25328893
25324352
25322077
25320794
25319696
25313234
25311448
25311315
25309910
25309503
25309382
25305156
25304523
25298312
25298199
25298170
25292385
25287648
25286924
25285363
25285065
25283887
25277976
25277611
25277385
25275678
25273996
25271062
25268160
25266402
25263854
25261500
25258254
25252272
25251869
25248756
25247893
25243989
25239654
25231386
25231385
25227313
25227007
25227006
25227005
25225001
25222200
25208287
25204436
25202083
25200114
25196027
25192653
25189831
25180159
25180158
25180157
25178997
25177376
25173780
25169676
25168931
25168609
25162472
25159539
25154707
25153169
25151915
25150733
25149706
25146374
25143071
25139578
25126055
25126054
25124574
25122207
25120466
25116835
25116397
25114071
25111472
25107363
25105430
25102446
25101980
25100253
25098555
25097125
25086934
25085789
25085119
25077930
25074638
25070791
25066491
25060989
25054847
25054774
25052054
25047329
25043833
25031637
25030280
25027745
25027478
25022534
25017999
25015683
25012830
25009530
25004180
25003822
24994556
24982615
24978635
24976932
24972755
24970910
24967536
24954829
24954673
24953008
24949670
24949452
24947877
24929635
24924673
24922325
24920856
24918068
24913897
24907904
24906509
24905972
24905072
24904497
24904260
24903095
24900701
24898927
24898924
24898155
24883124
24880085
24875230
24873995
24872353
24865402
24865310
24861582
24857233
24853403
24853067
24852459
24849862
24845275
24844267
24841218
24832612
24832174
24828747
24819192
24816714
24806110
24801216
24800827
24796856
24796096
24793897
24793183
24790218
24785505
24782518
24781871
24781835
24778245
24769184
24763631
24756323
24753982
24751826
24750702
24748378
24745956
24724398
24724090
24720892
24711712
24711650
24710997
24706011
24706010
24705621
24705405
24705202
24699668
24694805
24691929
24672002
24670127
24659972
24656834
24652828
24651705
24651703
24650573
24640981
24639383
24629669
24625207
24624329
24621017
24618589
24614904
24608097
24602322
24598588
24594508
24592234
24591489
24588533
24585679
24585367
24583906
24578242
24574998
24573658
24573549
24567448
24567030
24565219
24565013
24562717
24562650
24560717
24559659
24555068
24553104
24552631
24551135
24550828
24550827
24531045
24530838
24530787
24523481
24516415
24508484
24505681
24500631
24491950
24488484
24480455
24478377
24477745
24470172
24466178
24464717
24462230
24460366
24456389
24451199
24448836
24448743
24447944
24447619
24443696
24438492
24435071
24434290
24433848
24430415
24427209
24418219
24416017
24412187
24405905
24404822
24403238
24399974
24396505
24396009
24394043
24391997
24389422
24382020
24381271
24379771
24379694
24379166
24376850
26331026
24363991
24361662
24361478
24355259
24339963
24338729
24338247
24334723
24332383
24327754
24320878
24314045
24298242
24297504
24297500
24296330
24294351
24294205
24287322
24285281
24282993
24280181
24273134
24268581
24262882
24262176
24259568
24257566
24253219
24252435
24249640
24244465
24239689
24231948
24231386
24223554
24218598
24216223
24201549
24194552
24192754
24192513
24189342
24185013
24179833
24179825
24179814
24179292
24173608
24171045
24169628
24166579
24166476
24165885
24156027
24155765
24151458
24147485
24147100
24146745
24137150
24136293
24135857
24135322
24132377
24129710
24123508
24122368
24116348
24112927
24110355
24110229
24107621
24107601
24106662
24106478
24104968
24103657
24101429
24100201
24098749
24098409
24094912
24094708
24093016
24092642
24092460
24090793
24086433
24081876
24073391
24072164
24069318
24068330
24064074
24062699
24060808
24053044
24052804
24052108
24041012
24038570
24035431
24032010
24029655
24029377
24015315
24012326
24006217
24001399
23999175
23994581
23992340
23985564
23978447
23975275
23973859
23973635
23969422
23967320
23966903
23955702
23955632
23955490
23954175
23951142
23950743
23948629
23948509
23942908
23936504
23936207
23933482
23933381
23932184
23924609
23922740
23921256
23921097
23909962
23908132
23901117
23901092
23900048
23897875
23890584
23884042
23874543
23864720
23860483
23859610
23855709
23851955
23850509
23850330
23849331
23846254
23845425
23844335
23843893
23840392
23836504
23829932
23815571
23806501
23806204
23805071
23803651
23803314
23801169
23800487
23800464
23799530
23799136
23797806
23793722
23791710
23775979
23773675
23772829
23772210
23770408
23764293
23762549
23762274
23762193
23760393
23740105
23739982
23735260
23731740
23729364
23727400
23727317
23727173
23717498
23715902
23707584
23706550
23701948
23701701
23701192
23678877
23699518
23690748
23689985
23686697
23686534
23684384
23681757
23678104
23678010
23671038
23670054
23669457
23660005
23652805
23651498
23648384
23645596
23643106
23642578
23642575
23640455
23640220
23638491
23631991
23631871
23630491
23628985
23624169
23613864
23613104
23609763
23609762
23601168
23600939
23593290
23593272
23592367
23590171
23579331
23579330
23575839
23573365
23568269
23565107
23560100
23560073
23559873
23559521
23558337
23558100
23555588
23554961
23552443
23551805
23548101
23541799
23541333
23541187
23536396
23536070
23533750
23531389
23530249
23529021
23526988
23526784
23523802
23514625
23507390
23504659
23499722
23497727
23491263
23486959
23486873
23485049
23478305
23478303
23474040
23471750
23470128
23466808
23459749
23457119
23450847
23450518
23440462
23439701
23439138
23428861
23424640
23424032
23420460
23411393
23409709
23408467
23403412
23401720
23392931
23390666
23390179
23375562
23373719
23370092
23367161
23366962
23366363
23364679
23359801
23354032
23348495
23347587
23346156
23344784
23335491
23332777
23328390
23325325
23322666
23322207
23316477
23303067
23303059
23302660
23300829
23300273
23298747
23297785
23294010
23293853
23285171
23281426
23279182
23274882
23273724
26167204
25599092
23271192
23269472
23267318
23265665
23263541
23261639
23259713
23249348
23231951
23231419
23230425
23229746
23226547
23226127
23223380
23222445
23216771
23213092
23208787
23207625
23200830
23199703
26272761
23189049
23174092
23162440
23162439
23160011
23157632
23154643
23152757
23142223
23139901
23137948
23135409
23134591
23133822
23129338
23129041
23116493
23114901
23112868
23111173
23111164
23110863
23096741
23094764
23073913
23071644
23071222
23070466
23060754
23047645
23047371
23044496
23041528
23041336
23033154
23027096
23022623
23022069
23021038
23016766
23014526
23011550
23011220
22986356
22982358
22975823
22973946
22972646
22969710
22969709
22968319
22968137
22961445
22956240
22952195
22947919
22945462
22940416
22937145
22928741
22928231
22921745
22918773
22917951
22917153
22917145
22917141
22917137
22912859
22912424
22902825
22902471
22902196
22888314
22886015
22883691
22879011
22858577
22854930
22849649
22846199
22842018
22841414
22837375
22835621
22831959
22828014
22827961
22820636
22819581
22811995
22810101
22796873
22796156
22784036
22783172
22778559
22770722
22770651
22770650
22764390
22764389
22761880
22752119
22743197
22741183
22739362
22739102
22733082
22731662
22726233
22712644
22711609
22710433
22703637
22700754
22696004
22693310
22687948
22685065
22682644
22682364
22681671
22677111
22674539
22669011
22658807
22658215
22651703
22645227
22623966
22616533
22610458
22596271
22593947
22593945
22593861
22580170
22576209
22570063
22565201
22553889
22541167
22539931
22537793
22533632
22531506
22531423
22520856
22517954
22510256
22498658
22498657
22498655
22498092
22492982
22491869
22491861
22490482
22488240
22487972
22479172
22460159
22446491
22431642
22426741
22423634
22421430
22418737
22418402
22414786
22414632
22414592
22409939
22408630
22405803
22399094
22398375
22391444
22387761
22383949
22379639
22379638
22379188
22371611
22365746
22359780
22351502
22350062
22340178
22338012
22332186
22329847
22328062
22327787
22323774
22323624
22314152
22302965
22302178
22295119
22295097
22290256
22285638
22281674
22270507
22270174
22267203
22262876
22261376
22255529
22254808
22252372
22251555
22238194
22236691
22236449
22235101
22233763
22232345
22227887
22227886
22227352
22226480
22214491
22213823
22212597
22209266
25892970
24179746
24179741
24014189
22203319
22202007
22188635
22166455
22180462
22178811
22178644
22173840
22173551
22172392
22172391
22170262
22167409
22160176
22155044
22153940
22078173
22078171
22078170
22132039
22132038
22130788
22126913
25309639
22118419
22115994
22115832
22114099
22108203
22105948
22104496
22100791
22079109
22074478
22065875
22058214
22057623
22057028
22052623
22047634
22038908
22033026
22022410
22008374
22008370
22006979
22003908
22003906
22003905
21996618
21990575
21987546
21983242
21975588
21971457
21971456
21945695
21945469
21940588
21927909
21926260
21925190
21924367
21917796
21916565
21914642
21914569
21912534
21908392
21903741
21898356
21897814
21889990
21889392
21871569
21864850
21862943
21853370
21846988
21845148
21835249
21822136
21821697
21815470
21811175
21808632
21808609
21805824
21805181
21804920
21800090
21791891
21783419
21781973
21765857
21765166
21764801
21764800
21748413
21742806
21741254
21733518
21733291
21729756
21729421
21726650
21723948
21722703
21721829
21720520
21715709
21714958
21704722
21700589
21694449
21689761
21672670
21670386
21669407
21664943
21651782
21646622
21638324
21632463
21630083
21627112
24899987
21619913
21616982
21613490
21612930
21612768
21604939
21606347
21599541
21592741
21571254
21570913
21570425
21565925
21556744
21555634
21555604
21555603
21550258
21547221
21547152
21541010
21532540
21532538
21531100
21529844
21524814
21522122
21513803
21511025
21499216
21487568
21479849
21477664
21477602
21459454
21459091
21447279
21445790
21440643
21435566
21432946
21430171
21430149
21422459
21421710
21405971
21392641
21392171
21377644
21377518
21375601
21372746
21369853
21369416
21342500
21337407
21326196
21321398
21321269
21321262
21320609
21276856
21274681
21273356
21273134
21259382
21257723
21252551
21245297
21240711
21222593
21209937
21203912
21199958
21194156
23133794
22832521
22649372
22433049
22432455
21184291
21176189
21175012
21152081
21151556
21149494
21149488
21147931
21147389
21146621
21146616
21137680
21135315
21133799
21129184
21119772
21119752
21105145
21097138
21097123
21096970
21095977
21091313
21085954
21084271
21075334
21075154
21073969
21073170
21072595
21035553
20977325
20963940
20963452
20962233
20961663
20949379
20949008
20937393
20936410
20920147
20888130
20887875
20886576
20881565
20880782
25164049
20876002
20872081
20869953
20857694
20851193
20847408
20847166
20832860
20818789
20800696
20739034
20736866
20736071
20728875
20722344
20720076
20705143
20692351
20685363
20675880
20674749
20673095
20665429
20664591
20660731
20641942
20641913
20643934
20616040
20599621
20598972
20590918
20580933
20571975
20570741
20562317
20561780
20503406
20554742
20542548
20541837
20541286
20541019
20538772
20538373
20538372
20513592
20512410
20508380
20504160
20494018
20490932
20467230
20457911
20453649
20451880
20451874
20451871
20451625
20451620
20447873
20447734
20442311
20441609
20413897
20412570
20401747
20395329
20395318
20393460
20383592
20383319
20361897
20347995
20337015
20333514
20306003
20299389
20231040
20211213
20205245
20203174
20202634
20192032
22823024
20178033
20160457
20160061
20146665
20132896
20130858
20129853
20129132
20124050
20123554
20116952
20108309
20096528
20093789
20084104
20079441
20047503
20044888
24281167
22045351
21738513
21576817
20036116
20032154
20030225
20014923
20010945
20009452
20008987
20008985
20008980
20008664
20006713
20004726
20004247
19956730
19956382
19948230
19936229
19931396
19912322
19910433
19890267
19890009
19887967
19879364
19878862
19859933
19854377
19833956
19833312
19808576
19794320
19761569
19777552
19773436
19745091
19722170
19703569
19695886
19683403
19642884
19638431
19627997
19593823
19584166
19582652
19576880
19575412
19562945
19560509
19560101
19554558
19549907
19545475
19403880
19541487
19539742
19530674
19525468
19525461
19512976
19481161
19462209
19447183
19447098
19438449
19433711
19433663
19420266
19417895
19349313
19349228
19335131
19334050
19303449
19300885
19280686
19268916
19244009
19223416
19220170
19184561
19169850
19164218
19163367
19162829
19147747
19144851
19141073
19138335
19135154
19130466
20426183
19104808
19082590
19074979
19013193
18997869
18991499
18971465
18937377
18931497
18834437
18852558
18843572
18843264
18828015
18822407
18815269
18797307
18790789
18786570
18771353
20401334
18753378
18701754
18683093
18672212
18633800
18631977
18631949
18617011
18607528
18607202
18606193
18590613
18584043
18583368
18552146
18541632
18498669
18483267
18418955
18418597
18413392
18389935
18374421
18331971
18327670
18322371
18311814
18300284
18210834
18204414
18199612
18191863
18191584
18172054
18164158
18158358
18093844
18090215
18042495
18003379
17979786
17947718
17894392
17892371
17889566
17884017
17868400
17868102
17846109
17826860
17786947
17714864
17652495
17640949
17599702
17598150
17575208
17562698
17540348
17520306
17512218
17505491
17504647
17504137
17447424
17434757
17433357
17385018
17354790
17354695
17334953
17318670
17317827
17307666
17306236
17266588
17259948
19690647
17172162
17140369
17133383
17127170
17116002
17085363
17080242
17071482
17051324
17028561
17017537
17009847
16894106
16880359
16866569
16837539
16829652
16829650
16804550
16786320
16767759
16757862
16741296
16685993
16673551
16611017
16565951
16556964
16556298
16543785
16541245
16529955
16513605
16496032
16493230
16487944
16443497
16443493
16421508
16414274
16341243
16285905
16275139
16266981
19595847
16139527
16113454
15912277
15897947
15853510
15822176
15737798
15692762
15679259
15668415
15652318
15632051
15569736
15387850
15363000
15344469
15172748
15142549
15070770
15027127
14734449
14626529
14597329
14597319
14537107
14499334
12960187
12952420
12938124
12649841
12637679
12573320
12569601
12482085
12399144
12377156
12209961
23573603
12042468
11945123
11906219
11901922
11889228
11400181
11098793
10909929
10735510
10325504
9920218
8849966
8747401
8584276
